NAME: 10
TYPE: TSP
DIMENSION: 11
EDGE_WEIGHT_TYPE: EXPLICIT
EDGE_WEIGHT_FORMAT: FULL_MATRIX
EDGE_WEIGHT_SECTION:
0 0 0 0 0 0 0 0 0 0 0 
0 0 4907519 6386272 3775061 4175892 4261019 5363650 9168963 10892548 10851078 
0 4907519 0 5652841 1135194 3305377 935245 8457630 6174805 8080322 9189358 
0 6386272 5652841 0 5520175 2666881 4883517 5273266 3794992 4988463 4466841 
0 3775061 1135194 5520175 0 2922523 824373 7620957 6727513 8624186 9440571 
0 4175892 3305377 2666881 2922523 0 2414307 5495849 5002220 6720275 6923353 
0 4261019 935245 4883517 824373 2414307 0 7527798 5903896 7801775 8668288 
0 5363650 8457630 5273266 7620957 5495849 7527798 0 9068222 10105871 8779953 
0 9168963 6174805 3794992 6727513 5002220 5903896 9068222 0 1906591 3618906 
0 10892548 8080322 4988463 8624186 6720275 7801775 10105871 1906591 0 2614656 
0 10851078 9189358 4466841 9440571 6923353 8668288 8779953 3618906 2614656 0 
EOF
